commune,total_employed_population,of_which_wage_earners,of_which_non_wage_earners,unemployed,active_population,unemployment_rate_in_percent,year
Grand-Duche de Luxembourg,223407,203535,19872,19287,242694,7.94704442631462,2013
Canton Capellen,17802,15993,1809,1071,18873,5.67477348593228,2013
Dippach,1703,1535,168,114,1817,6.27407815079802,2013
Garnich,844,750,94,25,869,2.87686996547756,2013
Hobscheid,1431,1315,116,74,1505,4.91694352159468,2013
Kaerjeng,4094,3800,294,261,4355,5.99311136624569,2013
Kehlen,2146,1874,272,98,2244,4.36720142602496,2013
Koerich,971,858,113,45,1016,4.42913385826772,2013
Kopstal,1218,1029,189,66,1284,5.14018691588785,2013
Mamer,3002,2664,338,207,3209,6.45060766593955,2013
Septfontaines,369,331,38,30,399,7.5187969924812,2013
Steinfort,2024,1837,187,151,2175,6.94252873563218,2013
Canton Esch,65723,61782,3941,7340,73063,10.0461245774195,2013
Bettembourg,4081,3810,271,295,4376,6.74131627056673,2013
Differdange,9487,9099,388,1445,10932,13.2180753750457,2013
Dudelange,7985,7511,474,824,8809,9.35406970144171,2013
Esch-sur-Alzette,12725,12031,694,2054,14779,13.8980986534948,2013
Frisange,1862,1699,163,88,1950,4.51282051282051,2013
Kayl,3530,3334,196,333,3863,8.62024333419622,2013
Leudelange,1064,937,127,32,1096,2.91970802919708,2013
Mondercange,2683,2420,263,129,2812,4.58748221906117,2013
P?tange,6767,6420,347,810,7577,10.6902467995249,2013
Reckange-sur-Mess,955,838,117,34,989,3.43781597573306,2013
Roeser,2574,2342,232,138,2712,5.08849557522124,2013
Rumelange,2019,1926,93,255,2274,11.2137203166227,2013
Sanem,6320,5952,368,494,6814,7.24977986498386,2013
Schifflange,3671,3463,208,409,4080,10.0245098039216,2013
Canton Luxembourg,63167,56678,6489,5201,68368,7.60736016849988,2013
Bertrange,2653,2352,301,160,2813,5.68787771062922,2013
Contern,1403,1253,150,68,1471,4.62270564242012,2013
Hesperange,5944,5390,554,370,6314,5.85999366487171,2013
Luxembourg,39513,35531,3982,3855,43368,8.88904261206419,2013
Niederanven,1937,1659,278,73,2010,3.6318407960199,2013
Sandweiler,1406,1263,143,76,1482,5.12820512820513,2013
Schuttrange,1366,1200,166,49,1415,3.46289752650177,2013
Steinsel,1848,1640,208,119,1967,6.04982206405694,2013
Strassen,3111,2795,316,203,3314,6.12552806276403,2013
Walferdange,3095,2792,303,193,3288,5.8698296836983,2013
Weiler-la-Tour,891,803,88,35,926,3.77969762419006,2013
Canton Mersch,12962,11989,973,812,13774,5.8951648032525,2013
Bissen,1274,1193,81,88,1362,6.46108663729809,2013
Boevange-sur-Attert,999,904,95,43,1042,4.12667946257198,2013
Colmar-Berg,947,897,50,73,1020,7.15686274509804,2013
Fischbach,552,501,51,23,575,4,2013
Heffingen,541,484,57,23,564,4.07801418439716,2013
Larochette,967,900,67,72,1039,6.92974013474495,2013
Lintgen,1302,1230,72,79,1381,5.7204923968139,2013
Lorentzweiler,1451,1335,116,77,1528,5.03926701570681,2013
Mersch,3754,3508,246,290,4044,7.17111770524233,2013
Nommern,573,493,80,23,596,3.85906040268456,2013
Tuntange,602,544,58,21,623,3.37078651685393,2013
Canton Clervaux,7364,6346,1018,572,7936,7.20766129032258,2013
Clervaux,2082,1842,240,204,2286,8.9238845144357,2013
Parc Hosingen,1448,1290,158,101,1549,6.5203357004519,2013
Troisvierges,1328,1174,154,111,1439,7.71369006254343,2013
Weiswampach,714,597,117,41,755,5.43046357615894,2013
Wincrange,1792,1443,349,115,1907,6.03041426324069,2013
Canton Diekirch,12888,11838,1050,1168,14056,8.30961866818441,2013
Bettendorf,1125,1036,89,95,1220,7.78688524590164,2013
Bourscheid,676,599,77,54,730,7.3972602739726,2013
Diekirch,2645,2448,197,269,2914,9.23129718599863,2013
Erpeldange-sur-Sure,997,911,86,60,1057,5.67644276253548,2013
Ettelbruck,3375,3123,252,377,3752,10.0479744136461,2013
Feulen,789,725,64,36,825,4.36363636363636,2013
Mertzig,901,840,61,56,957,5.85161964472309,2013
Reisdorf,457,412,45,77,534,14.4194756554307,2013
Schieren,809,762,47,63,872,7.22477064220184,2013
Vallee de l'Ernz,1114,982,132,81,1195,6.77824267782427,2013
Canton Redange,7428,6592,836,474,7902,5.99848139711465,2013
Beckerich,1021,936,85,56,1077,5.19962859795729,2013
Ell,532,456,76,22,554,3.97111913357401,2013
Grosbous,440,393,47,32,472,6.77966101694915,2013
Preizerdaul,736,671,65,35,771,4.53955901426719,2013
Rambrouch,1641,1413,228,148,1789,8.2727780883175,2013
Redange-sur-Attert,1122,998,124,62,1184,5.23648648648649,2013
Saeul,305,267,38,25,330,7.57575757575758,2013
Useldange,766,695,71,42,808,5.1980198019802,2013
Vichten,493,450,43,23,516,4.45736434108527,2013
Wahl,372,313,59,29,401,7.23192019950125,2013
Canton Vianden,2087,1867,220,193,2280,8.46491228070176,2013
Putscheid,458,417,41,29,487,5.95482546201232,2013
Tandel,862,761,101,46,908,5.06607929515418,2013
Vianden,767,689,78,118,885,13.3333333333333,2013
Canton Wiltz,6096,5439,657,574,6670,8.60569715142429,2013
Boulaide,445,389,56,24,469,5.11727078891258,2013
Esch-sur-Sure,1039,927,112,72,1111,6.48064806480648,2013
Goesdorf,642,579,63,34,676,5.02958579881657,2013
Kiischpelt,440,390,50,45,485,9.27835051546392,2013
Lac de la Haute-Sure,715,616,99,42,757,5.54821664464993,2013
Wiltz,2344,2149,195,318,2662,11.9459053343351,2013
Winseler,471,389,82,39,510,7.64705882352941,2013
Canton Echternach,7303,6543,760,664,7967,8.33437931467303,2013
Beaufort,1016,932,84,129,1145,11.2663755458515,2013
Bech,526,463,63,16,542,2.9520295202952,2013
Berdorf,690,620,70,76,766,9.92167101827676,2013
Consdorf,786,692,94,36,822,4.37956204379562,2013
Echternach,2167,1964,203,291,2458,11.8388934092758,2013
Mompach,503,440,63,27,530,5.09433962264151,2013
Rosport,924,800,124,47,971,4.84037075180227,2013
Waldbillig,691,632,59,42,733,5.72987721691678,2013
Canton Grevenmacher,11624,10494,1130,630,12254,5.14117839072956,2013
Betzdorf,1476,1342,134,51,1527,3.33988212180747,2013
Biwer,730,646,84,33,763,4.32503276539974,2013
Flaxweiler,868,772,96,31,899,3.44827586206897,2013
Grevenmacher,1987,1848,139,151,2138,7.06267539756782,2013
Junglinster,2824,2528,296,136,2960,4.59459459459459,2013
Manternach,796,719,77,35,831,4.21179302045728,2013
Mertert,1801,1660,141,121,1922,6.2955254942768,2013
Wormeldange,1142,979,163,72,1214,5.93080724876442,2013
Canton Remich,8963,7974,989,588,9551,6.15642341116113,2013
Bous,720,646,74,29,749,3.87182910547397,2013
Dalheim,877,791,86,35,912,3.83771929824561,2013
Lenningen,776,719,57,41,817,5.01835985312117,2013
Mondorf-les-Bains,1902,1716,186,165,2067,7.98258345428157,2013
Remich,1407,1243,164,148,1555,9.51768488745981,2013
Schengen,2047,1765,282,101,2148,4.70204841713222,2013
Stadtbredimus,781,703,78,52,833,6.24249699879952,2013
Waldbredimus,453,391,62,17,470,3.61702127659574,2013
Grand-Duche de Luxembourg,228423,208238,20185,19362,247785,7.81403232641201,2014
Canton Capellen,18166,16366,1800,1066,19232,5.54284525790349,2014
Dippach,1767,1606,161,122,1889,6.45844362096347,2014
Garnich,845,757,88,19,864,2.19907407407407,2014
Hobscheid,1505,1390,115,66,1571,4.20114576702737,2014
Kaerjeng,4129,3840,289,287,4416,6.49909420289855,2014
Kehlen,2172,1897,275,91,2263,4.02121078214759,2014
Koerich,1007,887,120,38,1045,3.63636363636364,2014
Kopstal,1268,1082,186,61,1329,4.58991723100075,2014
Mamer,3124,2782,342,202,3326,6.07336139506915,2014
Septfontaines,368,326,42,31,399,7.76942355889724,2014
Steinfort,1981,1799,182,149,2130,6.99530516431925,2014
Canton Esch,67511,63487,4024,7315,74826,9.77601368508273,2014
Bettembourg,4203,3913,290,332,4535,7.32083792723263,2014
Differdange,9835,9437,398,1419,11254,12.6088501866003,2014
Dudelange,8107,7621,486,838,8945,9.36836221352711,2014
Esch-sur-Alzette,13155,12452,703,1997,15152,13.1797782470961,2014
Frisange,1896,1731,165,89,1985,4.48362720403023,2014
Kayl,3539,3338,201,333,3872,8.60020661157025,2014
Leudelange,1102,965,137,34,1136,2.99295774647887,2014
Mondercange,2696,2427,269,144,2840,5.07042253521127,2014
P?tange,6990,6641,349,805,7795,10.3271327774214,2014
Reckange-sur-Mess,971,843,128,37,1008,3.67063492063492,2014
Roeser,2704,2470,234,135,2839,4.7551954913702,2014
Rumelange,2074,1974,100,253,2327,10.8723678556081,2014
Sanem,6409,6046,363,506,6915,7.3174258857556,2014
Schifflange,3830,3629,201,393,4223,9.30618044044518,2014
Canton Luxembourg,64685,57979,6706,5294,69979,7.5651266808614,2014
Bertrange,2737,2416,321,164,2901,5.65322302654257,2014
Contern,1383,1228,155,83,1466,5.66166439290587,2014
Hesperange,6027,5440,587,395,6422,6.15073185923388,2014
Luxembourg,40768,36661,4107,3836,44604,8.60012554927809,2014
Niederanven,1919,1625,294,86,2005,4.28927680798005,2014
Sandweiler,1401,1252,149,61,1462,4.17236662106703,2014
Schuttrange,1404,1240,164,65,1469,4.42477876106195,2014
Steinsel,1880,1662,218,104,1984,5.24193548387097,2014
Strassen,3137,2820,317,212,3349,6.33024783517468,2014
Walferdange,3137,2829,308,244,3381,7.21679976338361,2014
Weiler-la-Tour,892,806,86,44,936,4.7008547008547,2014
Canton Mersch,13156,12153,1003,837,13993,5.98156220967627,2014
Bissen,1297,1217,80,82,1379,5.94633792603336,2014
Boevange-sur-Attert,1004,901,103,44,1048,4.19847328244275,2014
Colmar-Berg,965,916,49,75,1040,7.21153846153846,2014
Fischbach,566,512,54,23,589,3.90492359932088,2014
Heffingen,552,495,57,20,572,3.4965034965035,2014
Larochette,944,885,59,86,1030,8.3495145631068,2014
Lintgen,1312,1232,80,88,1400,6.28571428571429,2014
Lorentzweiler,1452,1331,121,85,1537,5.530253741054,2014
Mersch,3790,3536,254,273,4063,6.71917302485848,2014
Nommern,618,538,80,28,646,4.3343653250774,2014
Tuntange,656,590,66,33,689,4.78955007256894,2014
Canton Clervaux,7479,6482,997,562,8041,6.98918045019276,2014
Clervaux,2087,1849,238,192,2279,8.42474769635805,2014
Parc Hosingen,1486,1328,158,93,1579,5.88980367321089,2014
Troisvierges,1323,1174,149,110,1433,7.67620376831821,2014
Weiswampach,764,647,117,54,818,6.60146699266504,2014
Wincrange,1819,1484,335,113,1932,5.84886128364389,2014
Canton Diekirch,13227,12148,1079,1195,14422,8.28595201775066,2014
Bettendorf,1116,1026,90,100,1216,8.22368421052632,2014
Bourscheid,699,616,83,72,771,9.33852140077821,2014
Diekirch,2710,2511,199,247,2957,8.35306053432533,2014
Erpeldange-sur-Sure,1025,934,91,57,1082,5.26802218114603,2014
Ettelbruck,3402,3146,256,395,3797,10.4029496971293,2014
Feulen,847,782,65,35,882,3.96825396825397,2014
Mertzig,953,888,65,53,1006,5.26838966202783,2014
Reisdorf,466,421,45,80,546,14.6520146520147,2014
Schieren,852,795,57,67,919,7.2905331882481,2014
Vallee de l'Ernz,1157,1029,128,89,1246,7.14285714285714,2014
Canton Redange,7552,6720,832,457,8009,5.70608065925833,2014
Beckerich,1001,921,80,53,1054,5.02846299810247,2014
Ell,548,477,71,25,573,4.3630017452007,2014
Grosbous,451,409,42,33,484,6.81818181818182,2014
Preizerdaul,725,654,71,42,767,5.47588005215124,2014
Rambrouch,1692,1464,228,136,1828,7.43982494529541,2014
Redange-sur-Attert,1117,989,128,53,1170,4.52991452991453,2014
Saeul,320,280,40,24,344,6.97674418604651,2014
Useldange,797,724,73,41,838,4.89260143198091,2014
Vichten,513,469,44,31,544,5.69852941176471,2014
Wahl,388,333,55,19,407,4.66830466830467,2014
Canton Vianden,2163,1947,216,175,2338,7.48502994011976,2014
Putscheid,460,424,36,37,497,7.44466800804829,2014
Tandel,902,801,101,44,946,4.65116279069767,2014
Vianden,801,722,79,94,895,10.5027932960894,2014
Canton Wiltz,6219,5544,675,596,6815,8.74541452677916,2014
Boulaide,456,397,59,37,493,7.50507099391481,2014
Esch-sur-Sure,1046,927,119,66,1112,5.93525179856115,2014
Goesdorf,688,619,69,36,724,4.97237569060773,2014
Kiischpelt,445,391,54,42,487,8.62422997946612,2014
Lac de la Haute-Sure,737,633,104,60,797,7.52823086574655,2014
Wiltz,2377,2192,185,315,2692,11.7013372956909,2014
Winseler,470,385,85,40,510,7.84313725490196,2014
Canton Echternach,7404,6634,770,629,8033,7.83020042325408,2014
Beaufort,1033,953,80,139,1172,11.8600682593857,2014
Bech,543,476,67,15,558,2.68817204301075,2014
Berdorf,695,620,75,64,759,8.43214756258235,2014
Consdorf,802,709,93,51,853,5.978898007034,2014
Echternach,2186,1971,215,233,2419,9.63207937164117,2014
Mompach,514,455,59,24,538,4.46096654275093,2014
Rosport,894,772,122,50,944,5.29661016949153,2014
Waldbillig,737,678,59,53,790,6.70886075949367,2014
Canton Grevenmacher,11880,10767,1113,650,12530,5.18754988028731,2014
Betzdorf,1495,1359,136,53,1548,3.42377260981912,2014
Biwer,740,655,85,29,769,3.77113133940182,2014
Flaxweiler,879,789,90,27,906,2.98013245033113,2014
Grevenmacher,2026,1886,140,166,2192,7.57299270072993,2014
Junglinster,2961,2669,292,116,3077,3.76990575235619,2014
Manternach,789,717,72,29,818,3.54523227383863,2014
Mertert,1815,1677,138,152,1967,7.72750381291307,2014
Wormeldange,1175,1015,160,78,1253,6.22505985634477,2014
Canton Remich,8981,8011,970,586,9567,6.12522211769625,2014
Bous,758,680,78,24,782,3.0690537084399,2014
Dalheim,886,796,90,46,932,4.93562231759657,2014
Lenningen,780,723,57,46,826,5.56900726392252,2014
Mondorf-les-Bains,1822,1644,178,183,2005,9.12718204488778,2014
Remich,1431,1267,164,133,1564,8.50383631713555,2014
Schengen,2061,1800,261,88,2149,4.0949278734295,2014
Stadtbredimus,802,722,80,43,845,5.0887573964497,2014
Waldbredimus,441,379,62,23,464,4.95689655172414,2014
Grand-Duche de Luxembourg,233130,212530,20600,18806,251936,7.46459418264956,2015
Canton Capellen,18310,16430,1880,988,19298,5.11970152347394,2015
Dippach,1780,1620,160,106,1886,5.6203605514316,2015
Garnich,870,780,90,29,899,3.2258064516129,2015
Hobscheid,1470,1350,120,73,1543,4.73104342190538,2015
Kaerjeng,4130,3820,310,260,4390,5.92255125284738,2015
Kehlen,2170,1910,260,80,2250,3.55555555555556,2015
Koerich,1050,920,130,41,1091,3.75802016498625,2015
Kopstal,1300,1100,200,72,1372,5.24781341107872,2015
Mamer,3140,2770,370,169,3309,5.10728316711998,2015
Septfontaines,370,320,50,26,396,6.56565656565657,2015
Steinfort,2030,1840,190,132,2162,6.1054579093432,2015
Canton Esch,69330,65230,4100,7076,76406,9.26105279690077,2015
Bettembourg,4280,3970,310,308,4588,6.71316477768091,2015
Differdange,10210,9800,410,1317,11527,11.4253491801857,2015
Dudelange,8240,7760,480,768,9008,8.52575488454707,2015
Esch-sur-Alzette,13310,12600,710,2031,15341,13.2390326575843,2015
Frisange,2000,1830,170,120,2120,5.66037735849057,2015
Kayl,3680,3480,200,300,3980,7.53768844221106,2015
Leudelange,1130,980,150,41,1171,3.50128095644748,2015
Mondercange,2730,2470,260,136,2866,4.74528960223308,2015
P?tange,7290,6920,370,725,8015,9.0455396132252,2015
Reckange-sur-Mess,980,850,130,32,1012,3.16205533596838,2015
Roeser,2750,2510,240,140,2890,4.84429065743945,2015
Rumelange,2130,2030,100,269,2399,11.2130054189246,2015
Sanem,6600,6230,370,512,7112,7.19910011248594,2015
Schifflange,4000,3800,200,377,4377,8.61320539182088,2015
Canton Luxembourg,66140,59310,6830,5000,71140,7.02839471464717,2015
Bertrange,2970,2620,350,168,3138,5.35372848948375,2015
Contern,1420,1270,150,69,1489,4.63398253861652,2015
Hesperange,6160,5550,610,383,6543,5.85358398288247,2015
Luxembourg,41650,37510,4140,3571,45221,7.89677362287433,2015
Niederanven,1920,1600,320,93,2013,4.61997019374069,2015
Sandweiler,1380,1240,140,75,1455,5.15463917525773,2015
Schuttrange,1440,1270,170,70,1510,4.63576158940397,2015
Steinsel,1950,1740,210,107,2057,5.20175012153622,2015
Strassen,3190,2850,340,202,3392,5.95518867924528,2015
Walferdange,3110,2790,320,226,3336,6.77458033573141,2015
Weiler-la-Tour,950,870,80,36,986,3.65111561866126,2015
Canton Mersch,13440,12400,1040,799,14239,5.61134911159492,2015
Bissen,1310,1230,80,81,1391,5.82314881380302,2015
Boevange-sur-Attert,1000,900,100,39,1039,3.75360923965351,2015
Colmar-Berg,960,910,50,62,1022,6.0665362035225,2015
Fischbach,590,530,60,26,616,4.22077922077922,2015
Heffingen,580,520,60,21,601,3.49417637271215,2015
Larochette,950,880,70,80,1030,7.76699029126214,2015
Lintgen,1320,1230,90,82,1402,5.84878744650499,2015
Lorentzweiler,1460,1340,120,72,1532,4.69973890339426,2015
Mersch,3950,3690,260,272,4222,6.44244433917575,2015
Nommern,630,550,80,32,662,4.83383685800604,2015
Tuntange,690,620,70,32,722,4.43213296398892,2015
Canton Clervaux,7620,6630,990,604,8224,7.3443579766537,2015
Clervaux,2130,1890,240,217,2347,9.24584576054538,2015
Parc Hosingen,1490,1340,150,101,1591,6.34820867379007,2015
Troisvierges,1360,1200,160,113,1473,7.6714188730482,2015
Weiswampach,780,670,110,65,845,7.69230769230769,2015
Wincrange,1860,1530,330,108,1968,5.48780487804878,2015
Canton Diekirch,13370,12290,1080,1247,14617,8.53116234521448,2015
Bettendorf,1130,1040,90,90,1220,7.37704918032787,2015
Bourscheid,710,630,80,71,781,9.09090909090909,2015
Diekirch,2760,2560,200,277,3037,9.12084293710899,2015
Erpeldange-sur-Sure,1020,930,90,62,1082,5.73012939001848,2015
Ettelbruck,3390,3140,250,441,3831,11.5113547376664,2015
Feulen,880,810,70,54,934,5.78158458244111,2015
Mertzig,930,870,60,48,978,4.9079754601227,2015
Reisdorf,480,430,50,69,549,12.568306010929,2015
Schieren,890,830,60,59,949,6.21707060063224,2015
Vallee de l'Ernz,1180,1050,130,76,1256,6.05095541401274,2015
Canton Redange,7700,6820,880,494,8194,6.02880156211862,2015
Beckerich,1030,930,100,54,1084,4.98154981549815,2015
Ell,560,490,70,25,585,4.27350427350427,2015
Grosbous,470,420,50,40,510,7.84313725490196,2015
Preizerdaul,740,670,70,37,777,4.76190476190476,2015
Rambrouch,1690,1440,250,160,1850,8.64864864864865,2015
Redange-sur-Attert,1110,990,120,57,1167,4.88431876606684,2015
Saeul,330,290,40,19,349,5.44412607449857,2015
Useldange,800,720,80,37,837,4.4205495818399,2015
Vichten,570,530,40,37,607,6.09555189456343,2015
Wahl,400,340,60,28,428,6.54205607476636,2015
Canton Vianden,2200,1990,210,172,2372,7.25126475548061,2015
Putscheid,480,450,30,20,500,4,2015
Tandel,910,810,100,59,969,6.08875128998968,2015
Vianden,810,730,80,93,903,10.2990033222591,2015
Canton Wiltz,6350,5690,660,605,6955,8.69877785765636,2015
Boulaide,480,420,60,26,506,5.13833992094862,2015
Esch-sur-Sure,1080,970,110,79,1159,6.81622088006903,2015
Goesdorf,690,620,70,48,738,6.50406504065041,2015
Kiischpelt,450,400,50,37,487,7.59753593429158,2015
Lac de la Haute-Sure,710,610,100,58,768,7.55208333333333,2015
Wiltz,2450,2270,180,321,2771,11.5842656080837,2015
Winseler,490,400,90,36,526,6.84410646387833,2015
Canton Echternach,7510,6730,780,613,8123,7.54647297796381,2015
Beaufort,1110,1030,80,131,1241,10.5560032232071,2015
Bech,520,450,70,14,534,2.62172284644195,2015
Berdorf,690,610,80,77,767,10.0391134289439,2015
Consdorf,820,720,100,42,862,4.87238979118329,2015
Echternach,2120,1910,210,216,2336,9.24657534246575,2015
Mompach,530,480,50,25,555,4.5045045045045,2015
Rosport,940,810,130,54,994,5.43259557344064,2015
Waldbillig,780,720,60,54,834,6.47482014388489,2015
Canton Grevenmacher,12040,10890,1150,641,12681,5.0548064032805,2015
Betzdorf,1490,1350,140,52,1542,3.37224383916991,2015
Biwer,740,650,90,30,770,3.8961038961039,2015
Flaxweiler,900,810,90,30,930,3.2258064516129,2015
Grevenmacher,2040,1890,150,141,2181,6.46492434662999,2015
Junglinster,3040,2740,300,123,3163,3.88871324691748,2015
Manternach,790,710,80,34,824,4.12621359223301,2015
Mertert,1830,1690,140,158,1988,7.9476861167002,2015
Wormeldange,1210,1050,160,73,1283,5.68978955572876,2015
Canton Remich,9120,8120,1000,567,9687,5.85320532672654,2015
Bous,750,680,70,22,772,2.84974093264249,2015
Dalheim,880,780,100,49,929,5.27448869752422,2015
Lenningen,780,720,60,49,829,5.91073582629674,2015
Mondorf-les-Bains,1910,1730,180,173,2083,8.30532885261642,2015
Remich,1430,1250,180,120,1550,7.74193548387097,2015
Schengen,2090,1830,260,83,2173,3.81960423377819,2015
Stadtbredimus,840,750,90,51,891,5.72390572390572,2015
Waldbredimus,440,380,60,20,460,4.34782608695652,2015
Grand-Duche de Luxembourg,236100,215430,20670,18185,254285,7.15142458265332,2016
Canton Capellen,18380,16500,1880,975,19355,5.03745802118316,2016
Dippach,1790,1640,150,91,1881,4.83785220627326,2016
Garnich,870,780,90,27,897,3.01003344481605,2016
Hobscheid,1470,1350,120,66,1536,4.296875,2016
Kaerjeng,4160,3840,320,246,4406,5.58329550612801,2016
Kehlen,2160,1900,260,76,2236,3.39892665474061,2016
Koerich,1030,900,130,35,1065,3.28638497652582,2016
Kopstal,1330,1130,200,70,1400,5,2016
Mamer,3150,2780,370,206,3356,6.13825983313468,2016
Septfontaines,370,320,50,30,400,7.5,2016
Steinfort,2050,1860,190,128,2178,5.87695133149679,2016
Canton Esch,70630,66530,4100,6692,77322,8.65471663950751,2016
Bettembourg,4350,4040,310,278,4628,6.00691443388073,2016
Differdange,10500,10070,430,1218,11718,10.3942652329749,2016
Dudelange,8360,7880,480,694,9054,7.66512038877844,2016
Esch-sur-Alzette,13760,13040,720,1938,15698,12.3455217225124,2016
Frisange,2000,1840,160,77,2077,3.70727010110737,2016
Kayl,3710,3510,200,337,4047,8.32715591796392,2016
Leudelange,1150,1010,140,51,1201,4.24646128226478,2016
Mondercange,2720,2460,260,145,2865,5.06108202443281,2016
P?tange,7420,7070,350,670,8090,8.28182941903585,2016
Reckange-sur-Mess,980,850,130,30,1010,2.97029702970297,2016
Roeser,2800,2550,250,133,2933,4.5346062052506,2016
Rumelange,2160,2060,100,258,2418,10.6699751861042,2016
Sanem,6640,6270,370,478,7118,6.71536948581062,2016
Schifflange,4080,3880,200,385,4465,8.62262038073908,2016
Canton Luxembourg,66980,60080,6900,4954,71934,6.88686851836406,2016
Bertrange,3010,2650,360,163,3173,5.13709423258746,2016
Contern,1420,1260,160,72,1492,4.82573726541555,2016
Hesperange,6170,5560,610,359,6529,5.49854495328534,2016
Luxembourg,42340,38160,4180,3636,45976,7.9084739864277,2016
Niederanven,1920,1600,320,76,1996,3.80761523046092,2016
Sandweiler,1390,1250,140,57,1447,3.93918451969592,2016
Schuttrange,1440,1270,170,63,1503,4.19161676646707,2016
Steinsel,1970,1760,210,88,2058,4.27599611273081,2016
Strassen,3240,2900,340,217,3457,6.2771188892103,2016
Walferdange,3120,2800,320,186,3306,5.62613430127042,2016
Weiler-la-Tour,960,870,90,37,997,3.7111334002006,2016
Canton Mersch,13560,12520,1040,752,14312,5.25433202906652,2016
Bissen,1330,1250,80,79,1409,5.60681334279631,2016
Boevange-sur-Attert,1030,930,100,40,1070,3.73831775700935,2016
Colmar-Berg,980,930,50,72,1052,6.84410646387833,2016
Fischbach,590,530,60,20,610,3.27868852459016,2016
Heffingen,580,520,60,20,600,3.33333333333333,2016
Larochette,960,890,70,72,1032,6.97674418604651,2016
Lintgen,1310,1220,90,79,1389,5.68754499640029,2016
Lorentzweiler,1480,1350,130,65,1545,4.20711974110032,2016
Mersch,3950,3700,250,241,4191,5.75041756144118,2016
Nommern,630,550,80,37,667,5.5472263868066,2016
Tuntange,720,650,70,27,747,3.6144578313253,2016
Canton Clervaux,7650,6670,980,572,8222,6.95694478229141,2016
Clervaux,2150,1900,250,206,2356,8.74363327674024,2016
Parc Hosingen,1500,1350,150,93,1593,5.83804143126177,2016
Troisvierges,1340,1200,140,100,1440,6.94444444444444,2016
Weiswampach,790,680,110,68,858,7.92540792540793,2016
Wincrange,1870,1540,330,105,1975,5.31645569620253,2016
Canton Diekirch,13530,12460,1070,1183,14713,8.04050839393734,2016
Bettendorf,1140,1050,90,86,1226,7.01468189233279,2016
Bourscheid,730,660,70,76,806,9.42928039702233,2016
Diekirch,2790,2580,210,265,3055,8.67430441898527,2016
Erpeldange-sur-Sure,1030,940,90,61,1091,5.59120073327223,2016
Ettelbruck,3470,3220,250,416,3886,10.7050952135872,2016
Feulen,880,810,70,42,922,4.55531453362256,2016
Mertzig,920,860,60,50,970,5.15463917525773,2016
Reisdorf,490,440,50,71,561,12.6559714795009,2016
Schieren,900,840,60,55,955,5.75916230366492,2016
Vallee de l'Ernz,1180,1060,120,61,1241,4.91539081385979,2016
Canton Redange,7770,6900,870,445,8215,5.4169202678028,2016
Beckerich,1040,940,100,46,1086,4.23572744014733,2016
Ell,560,490,70,22,582,3.78006872852234,2016
Grosbous,480,430,50,36,516,6.97674418604651,2016
Preizerdaul,750,680,70,37,787,4.70139771283355,2016
Rambrouch,1690,1450,240,137,1827,7.49863163656267,2016
Redange-sur-Attert,1130,1010,120,57,1187,4.80202190395956,2016
Saeul,340,300,40,21,361,5.81717451523546,2016
Useldange,800,720,80,33,833,3.96158463385354,2016
Vichten,590,540,50,34,624,5.44871794871795,2016
Wahl,390,340,50,22,412,5.33980582524272,2016
Canton Vianden,2240,2030,210,165,2405,6.86070686070686,2016
Putscheid,480,450,30,19,499,3.80761523046092,2016
Tandel,930,830,100,52,982,5.29531568228106,2016
Vianden,830,750,80,94,924,10.1731601731602,2016
Canton Wiltz,6410,5740,670,633,7043,8.9876473093852,2016
Boulaide,490,430,60,44,534,8.23970037453184,2016
Esch-sur-Sure,1090,980,110,76,1166,6.5180102915952,2016
Goesdorf,710,630,80,46,756,6.08465608465608,2016
Kiischpelt,470,420,50,41,511,8.02348336594912,2016
Lac de la Haute-Sure,700,600,100,56,756,7.40740740740741,2016
Wiltz,2460,2280,180,338,2798,12.0800571837026,2016
Winseler,490,400,90,32,522,6.13026819923372,2016
Canton Echternach,7640,6870,770,629,8269,7.60672390857419,2016
Beaufort,1110,1040,70,137,1247,10.9863672814755,2016
Bech,520,450,70,11,531,2.07156308851224,2016
Berdorf,710,630,80,70,780,8.97435897435897,2016
Consdorf,820,730,90,54,874,6.17848970251716,2016
Echternach,2170,1960,210,236,2406,9.80881130507066,2016
Mompach,530,470,60,30,560,5.35714285714286,2016
Rosport,970,840,130,54,1024,5.2734375,2016
Waldbillig,810,750,60,37,847,4.36835891381346,2016
Canton Grevenmacher,12100,10930,1170,606,12706,4.76940028333071,2016
Betzdorf,1500,1350,150,45,1545,2.9126213592233,2016
Biwer,750,670,80,30,780,3.84615384615385,2016
Flaxweiler,910,820,90,24,934,2.56959314775161,2016
Grevenmacher,2060,1910,150,149,2209,6.74513354459031,2016
Junglinster,3060,2740,320,103,3163,3.25640214985773,2016
Manternach,790,710,80,38,828,4.58937198067633,2016
Mertert,1820,1680,140,145,1965,7.37913486005089,2016
Wormeldange,1210,1050,160,72,1282,5.61622464898596,2016
Canton Remich,9210,8200,1010,579,9789,5.91480232914496,2016
Bous,770,690,80,26,796,3.26633165829146,2016
Dalheim,890,790,100,53,943,5.6203605514316,2016
Lenningen,790,730,60,38,828,4.58937198067633,2016
Mondorf-les-Bains,1920,1740,180,143,2063,6.9316529326224,2016
Remich,1430,1250,180,139,1569,8.8591459528362,2016
Schengen,2120,1860,260,102,2222,4.59045904590459,2016
Stadtbredimus,840,750,90,51,891,5.72390572390572,2016
Waldbredimus,450,390,60,27,477,5.66037735849057,2016
